22222                          2222222222
22222                          2222222222
22222                          2222222222
22222                          2222222222
22222                          2222222222
22222                          2222222222
22222                          2222222222
22222                          222222222 
22222                          2222222   
22222           1111         112222222   
22222          122221       122222222    
22222 3  3  3 12222221                  1
2222211111111112222221       3       1112
22222222222222222222211111111111111112222
22222222222222222222222222222222222222222
22222222222222222222222222222222222222222
22222222222222222222222222222222222222222
